264434993625956352
432610292342587392
282859044593598464
646937666251915264
270904126974590976
716390085896962058
668075833780469772
664508672713424926
571027211407196161
623481583411658753
468281173072805889
584895655609106437
169678500893163520
584895655609106437
741061042343510147
458302301187342336
500297618505859072
744883471004205147
349289613593935893
815289915557675118
239631525350604801
766776316690432033
368521195940741122
339926969548275722
792827809797898240
438057969251254293
490707751832649738
408785106942164992
270904126974590976
824160023310499870
690406810871398445
664655668485160981
491219760848175104
828722375171244052
827288387094315091
423613915096940564
733985437819076650
828676023901618176
395479894986981386
824010761876668446
828921314861252648
254582614050996224
809285018069237760
777527213661880331
522890781493821441
821518889417965608
601123719838171136
372033041583046656
827079916292931594
731314284612681798
460361295082815498
823346337101381702
825745871185510440
673639074644492309
822607760683827200
246079342663303178
710653895445315586
671401817833472019
457681621391245322
823106039599726604
400324145881284608
699471716120002560
818807580918808576
437808476106784770
808062515049005057
741073213005496341
791276752932438025
493967764525023233
159985870458322944
310340974494613505
420055206706020363
763169215070339082
741826381155008583
822585194543448076
788087374608334908
480557051274067978
824859891033440257
777134978542600223
700886510181941319
373594800546512898
829039548298166293
748791649194475561
790625535327731722
162723928685412352
747786295295737889
457006882163261447
391261907644055552
825981189738987621
602158347449270273
265258737747492874
708808032058081353
721767557794627594
796868939497865216
434118250708729868
155149108183695360
828696754886934560
498250166894067713
722888441662275665
807317962670866492
327729931586895872
275028613898698754
658467691719426048
478163017943744543
519435657882632202
811272981036269609
498011288157290498
321428533115355136
531996021077835787
827607543084875819
